[[[425  32  32]
  [426  31  31]
  [427  31  31]
  ...
  [520  10  10]
  [522  10  10]
  [516   9   9]]

 [[427  32  32]
  [427  31  31]
  [428  32  32]
  ...
  [519   9   9]
  [519  10  10]
  [515   9   9]]

 [[426  31  31]
  [425  32  32]
  [426  31  31]
  ...
  [519   9   9]
  [521  12  12]
  [517   8   8]]

 ...

 [[226 -12 -12]
  [223 -12 -12]
  [224 -14 -14]
  ...
  [339 -21 -21]
  [338 -19 -19]
  [329 -19 -19]]

 [[217 -14 -14]
  [218 -10 -10]
  [219 -13 -13]
  ...
  [335 -22 -22]
  [332 -23 -23]
  [328 -20 -20]]

 [[211 -12 -12]
  [210 -12 -12]
  [214 -12 -12]
  ...
  [331 -21 -21]
  [329 -20 -20]
  [326 -22 -22]]]