[[[  0 -24  24]
  [  0 -25  25]
  [  0 -24  24]
  ...
  [  0 -10  10]
  [  0 -11  11]
  [  0 -10  10]]

 [[  0 -25  25]
  [  0 -25  25]
  [  0 -24  24]
  ...
  [  0 -10  10]
  [  0  -9   9]
  [  0  -9   9]]

 [[  0 -25  25]
  [  0 -24  24]
  [  0 -25  25]
  ...
  [  0 -10  10]
  [  0 -12  12]
  [  0  -9   9]]

 ...

 [[  0   6  -6]
  [  0   6  -6]
  [  0   6  -6]
  ...
  [  0  12 -12]
  [  0  12 -12]
  [  0  10 -10]]

 [[  0   5  -5]
  [  0   5  -5]
  [  0   4  -4]
  ...
  [  0  12 -12]
  [  0  14 -14]
  [  0  12 -12]]

 [[  0   6  -6]
  [  0   5  -5]
  [  0   6  -6]
  ...
  [  0  11 -11]
  [  0  11 -11]
  [  0  12 -12]]]