1705683902
1705683906      0000550000000000
1705683906      0000000000000000
1705683906      0000540000000000
1705683906      0000000000000000
1705683906      0000530000000000
1705683907      0000000000000000
1705683907
1705683908      00005f0000000000
1705683908      0000000000000000
1705683909      00005c0000000000
1705683909      0000000000000000
1705683909      0000590000000000
1705683909      0000000000000000
1705683909      00005d0000000000
1705683910      0000000000000000
1705683910      00005e0000000000
1705683910      0000000000000000
1705683912      0000540000000000
1705683913      0000000000000000
1705683913      00005d0000000000
1705683913      0000000000000000
1705683913      00005a0000000000
1705683913      0000000000000000
1705683919      0000530000000000
1705683919
1705683919      0000000000000000
1705683919      00005f0000000000
1705683919      0000000000000000
1705683919      00005c0000000000
1705683920      0000000000000000
1705683920      0000590000000000
1705683920      0000000000000000
1705683921      0000540000000000
1705683921      0000000000000000
1705683921      0000610000000000
1705683921      0000000000000000
1705683922      00005d0000000000
1705683922      0000000000000000
1705683923      00005b0000000000
1705683923      0000000000000000
1705683928      0000600000000000
1705683928      0000000000000000
1705683928      0000610000000000
1705683928      0000000000000000
1705683929      0000550000000000
1705683929      0000000000000000
1705683929      0000540000000000
1705683929      0000000000000000
1705683929      0000530000000000
1705683930      0000000000000000
1705683930
1705683930      00005f0000000000
1705683930      0000000000000000
1705683930      00005c0000000000
1705683930      0000000000000000
1705683931      0000590000000000
1705683931      0000000000000000
1705683931      00005a0000000000
1705683931      0000000000000000
1705683931      00005b0000000000
1705683931      0000000000000000
1705683935      0000530000000000
1705683935
1705683935      0000000000000000
1705683936      00005f0000000000
1705683936      0000000000000000
1705683938      00005c0000000000
1705683939      0000000000000000
1705683939      0000590000000000
1705683939      0000000000000000
1705683939      00005a0000000000
1705683940      0000000000000000
1705683940      00005b0000000000
1705683940      0000000000000000
1705683941      00005e0000000000
1705683941      0000000000000000
1705683941      0000610000000000
1705683942      0000000000000000
1705683942      0000600000000000
1705683942      0000000000000000
1705683945      0000540000000000
1705683946      0000000000000000
1705683948      00005d0000000000
1705683949      0000000000000000
1705683949      00005a0000000000
1705683949      0000000000000000
1705683952      0000530000000000
1705683952      0000000000000000
1705683952
1705683952      00005f0000000000
1705683953      0000000000000000
1705683953      00005c0000000000
1705683953      0000000000000000
1705683954      0000590000000000
1705683954      0000000000000000
1705683955      0000540000000000
1705683956      0000000000000000
1705683957      0000610000000000
1705683957      0000000000000000
1705683958      00005d0000000000
1705683958      0000000000000000
1705683958      00005b0000000000
1705683959      0000000000000000
1705683962      0000550000000000
1705683962      0000000000000000
1705683963      0000610000000000
1705683963      0000000000000000
1705683963      00005e0000000000
1705683964      0000000000000000
1705683964      00005b0000000000
1705683964      0000000000000000
1705683965      00005a0000000000
1705683965      0000000000000000
1705683965      0000590000000000
1705683966      0000000000000000
1705683966      00005c0000000000
1705683966      0000000000000000
1705683967      00005f0000000000
1705683967      0000000000000000
1705683967      0000600000000000
1705683967      0000000000000000
1705683974      0000540000000000
1705683974      0000000000000000
1705683975      00005f0000000000
1705683975      0000000000000000
1705683975      00005c0000000000
1705683976      0000000000000000
1705683976      00005a0000000000
1705683976      0000000000000000
1705683981      00005f0000000000
1705683981      0000000000000000
1705683981      00005c0000000000
1705683982      0000000000000000
1705683982      0000590000000000
1705683982      0000000000000000
1705683982      00005a0000000000
1705683982      0000000000000000
1705683983      00005b0000000000
1705683983      0000000000000000
1705683983      00005e0000000000
1705683984      0000000000000000
1705683984      0000610000000000
1705683984      0000000000000000
1705683984      0000600000000000
1705683984      0000000000000000
1705683988      0000530000000000
1705683988
1705683988      0000000000000000
1705683989      00005f0000000000
1705683989      0000000000000000
1705683989      00005c0000000000
1705683990      0000000000000000
1705683990      0000590000000000
1705683990      0000000000000000
1705683994      00005d0000000000
1705683994      0000000000000000
1705683994      00005e0000000000
1705683995      0000000000000000
1705683995      00005b0000000000
1705683995      0000000000000000
1705683998      0000590000000000
1705683998      0000000000000000
1705683998      00005a0000000000
1705683998      0000000000000000
1705683999      00005b0000000000
1705683999      0000000000000000
1705684003      00005f0000000000
1705684004      0000000000000000
1705684004      00005c0000000000
1705684004      0000000000000000
1705684005      00005d0000000000
1705684005      0000000000000000
1705684005      0000610000000000
1705684005      0000000000000000
1705684006      00005e0000000000
1705684006      0000000000000000
1705684006      00005b0000000000
1705684007      0000000000000000
1705684007      00005a0000000000
1705684007      0000000000000000
1705684007      0000590000000000
1705684008      0000000000000000
1705684015      00005f0000000000
1705684016      0000000000000000
1705684016      00005c0000000000
1705684016      0000000000000000
1705684016      0000590000000000
1705684016      0000000000000000
1705684017      00005a0000000000
1705684017      0000000000000000
1705684017      00005b0000000000
1705684017      0000000000000000
1705684018      00005e0000000000
1705684018      0000000000000000
1705684018      0000610000000000
1705684018      0000000000000000
1705684018      0000600000000000
1705684019      0000000000000000
1705684031      00005f0000000000
1705684031      0000000000000000
1705684032      00005c0000000000
1705684032      0000000000000000
1705684032      0000590000000000
1705684032      0000000000000000
1705684033      00005a0000000000
1705684033      0000000000000000
1705684033      00005b0000000000
1705684033      0000000000000000
1705684034      00005e0000000000
1705684034      0000000000000000
1705684034      0000610000000000
1705684034      0000000000000000
1705684036      0000590000000000
1705684037      0000000000000000
1705684037      00005a0000000000
1705684037      0000000000000000
1705684037      00005b0000000000
1705684038      0000000000000000
1705684042      0000610000000000
1705684042      0000000000000000
1705684042      0000600000000000
1705684042      0000000000000000
1705684043      00005f0000000000
1705684043      0000000000000000
1705684043      00005c0000000000
1705684043      0000000000000000
1705684043      0000590000000000
1705684044      0000000000000000
1705684044      00005a0000000000
1705684044      0000000000000000
1705684044      00005b0000000000
1705684044      0000000000000000
1705684050      0000540000000000
1705684050      0000000000000000
1705684050      00005f0000000000
1705684050      0000000000000000
1705684051      00005c0000000000
1705684051      0000000000000000
1705684051      0000590000000000
1705684051      0000000000000000
1705684052      0000610000000000
1705684052      0000000000000000
1705684053      00005e0000000000
1705684053      0000000000000000
1705684053      00005b0000000000
1705684053      0000000000000000
1705684054      00005d0000000000
1705684054      0000000000000000
1705684059      00005f0000000000
1705684059      0000000000000000
1705684060      00005c0000000000
1705684060      0000000000000000
1705684060      0000590000000000
1705684060      0000000000000000
1705684061      00005d0000000000
1705684061      0000000000000000
1705684061      00005b0000000000
1705684061      0000000000000000
1705684062      0000570000000000
1705684062      0000000000000000
1705684062      0000580000000000
1705684062      0000000000000000
1705684065      0000590000000000
1705684065      0000000000000000
1705684065      00005a0000000000
1705684065      0000000000000000
1705684066      00005b0000000000
1705684066      0000000000000000
1705684069      0000550000000000
1705684069      0000000000000000
1705684069      0000540000000000
1705684069      0000000000000000
1705684070      0000530000000000
1705684070      0000000000000000
1705684070
1705684070      00005f0000000000
1705684071      0000000000000000
1705684071      0000600000000000
1705684072      0000000000000000
1705684072      0000610000000000
1705684072      0000000000000000
1705684072      00005e0000000000
1705684072      0000000000000000
1705684073      00005b0000000000
1705684073      0000000000000000
1705684073      00005a0000000000
1705684073      0000000000000000
1705684074      0000590000000000
1705684074      0000000000000000
1705684078      0000600000000000
1705684078      0000000000000000
1705684078      0000610000000000
1705684078      0000000000000000
1705684078      0000550000000000
1705684079      0000000000000000
1705684079      0000540000000000
1705684079      0000000000000000
1705684079      0000530000000000
1705684080
1705684080      0000000000000000
1705684080      00005f0000000000
1705684080      0000000000000000
1705684080      00005c0000000000
1705684081      0000000000000000
1705684081      0000590000000000
1705684081      0000000000000000
1705684081      00005a0000000000
1705684082      0000000000000000
1705684082      00005b0000000000
1705684082      0000000000000000
1705684085      0000600000000000
1705684085      0000000000000000
1705684085      0000610000000000
1705684085      0000000000000000
1705684085      0000550000000000
1705684086      0000000000000000
1705684086      0000540000000000
1705684086      0000000000000000
1705684086      0000530000000000
1705684087      0000000000000000
1705684087
1705684087      00005f0000000000
1705684087      0000000000000000
1705684088      00005c0000000000
1705684088      0000000000000000
1705684088      0000590000000000
1705684088      0000000000000000
1705684088      00005a0000000000
1705684089      0000000000000000
1705684089      00005b0000000000
1705684089      0000000000000000
1705684091      0000590000000000
1705684091      0000000000000000
1705684091      00005a0000000000
1705684091      0000000000000000
1705684092      00005b0000000000
1705684092      0000000000000000
1705684100      0000530000000000
1705684100
1705684100      0000000000000000
1705684100      00005f0000000000
1705684101      0000000000000000
1705684101      00005c0000000000
1705684101      0000000000000000
1705684101      0000590000000000
1705684101      0000000000000000
1705684103      0000540000000000
1705684103      0000000000000000
1705684107      0000600000000000
1705684107      0000000000000000
1705684108      0000610000000000
1705684108      0000000000000000
1705684109      0000550000000000
1705684109      0000000000000000
1705684109      0000560000000000
1705684109      0000000000000000
1705684110      0000570000000000
1705684110      0000000000000000
1705684110      0000580000000000
1705684111      0000000000000000
1705684116      00005f0000000000
1705684116      0000000000000000
1705684116      00005c0000000000
1705684116      0000000000000000
1705684117      00005d0000000000
1705684117      0000000000000000
1705684118      0000610000000000
1705684118      0000000000000000
1705684119      00005e0000000000
1705684119      0000000000000000
1705684119      00005b0000000000
1705684119      0000000000000000
1705684119      00005a0000000000
1705684120      0000000000000000
1705684120      0000590000000000
1705684120      0000000000000000
1705684123      0000590000000000
1705684123      0000000000000000
1705684123      00005a0000000000
1705684123      0000000000000000
1705684123      00005b0000000000
1705684124      0000000000000000
1705684129      0000530000000000
1705684129      0000000000000000
1705684129
1705684130      00005f0000000000
1705684130      0000000000000000
1705684130      00005c0000000000
1705684130      0000000000000000
1705684131      0000590000000000
1705684131      0000000000000000
1705684134      0000610000000000
1705684134      0000000000000000
1705684134      00005d0000000000
1705684135      0000000000000000
1705684135      00005b0000000000
1705684135      0000000000000000
1705684139      0000530000000000
1705684139
1705684139      0000000000000000
1705684139      0000540000000000
1705684140      0000000000000000
1705684140      0000550000000000
1705684140      0000000000000000
1705684145      0000610000000000
1705684145      0000000000000000
1705684145      00005f0000000000
1705684145      0000000000000000
1705684145      0000600000000000
1705684146      0000000000000000
1705684146      00005e0000000000
1705684146      0000000000000000
1705684146      00005b0000000000
1705684146      0000000000000000
1705684147      00005a0000000000
1705684147      0000000000000000
1705684147      0000590000000000
1705684147      0000000000000000
1705684150      00005f0000000000
1705684150      0000000000000000
1705684150      00005c0000000000
1705684150      0000000000000000
1705684150      00005d0000000000
1705684150      0000000000000000
1705684151      0000610000000000
1705684151      0000000000000000
1705684151      00005e0000000000
1705684151      0000000000000000
1705684152      00005b0000000000
1705684152      0000000000000000
1705684152      00005a0000000000
1705684152      0000000000000000
1705684152      0000590000000000
1705684152      0000000000000000
1705684155      0000530000000000
1705684155      0000000000000000
1705684155
1705684155      00005f0000000000
1705684156      0000000000000000
1705684156      00005c0000000000
1705684156      0000000000000000
1705684156      0000590000000000
1705684156      0000000000000000
1705684157      00005a0000000000
1705684157      0000000000000000
1705684157      00005b0000000000
1705684157      0000000000000000
1705684157      00005e0000000000
1705684158      0000000000000000
1705684158      0000610000000000
1705684158      0000000000000000
1705684158      0000600000000000
1705684158      0000000000000000
1705684160      00005f0000000000
1705684160      0000000000000000
1705684161      00005c0000000000
1705684161      0000000000000000
1705684161      0000590000000000
1705684161      0000000000000000
1705684161      00005a0000000000
1705684161      0000000000000000
1705684162      00005b0000000000
1705684162      0000000000000000
1705684162      00005e0000000000
1705684162      0000000000000000
1705684162      0000610000000000
1705684162      0000000000000000
1705684162      0000600000000000
1705684163      0000000000000000
1705684166      0000540000000000
1705684166      0000000000000000
1705684166      00005f0000000000
1705684166      0000000000000000
1705684166      00005c0000000000
1705684166      0000000000000000
1705684167      0000590000000000
1705684167      0000000000000000
1705684167      0000610000000000
1705684167      0000000000000000
1705684167      00005e0000000000
1705684167      0000000000000000
1705684168      00005b0000000000
1705684168      0000000000000000
1705684168      00005d0000000000
1705684168      0000000000000000
1705684171      0000530000000000
1705684171
1705684172      0000000000000000
1705684172      00005f0000000000
1705684172      0000000000000000
1705684172      00005c0000000000
1705684173      0000000000000000
1705684173      0000590000000000
1705684173      0000000000000000
1705684174      0000540000000000
1705684174      0000000000000000
1705684174      0000610000000000
1705684174      0000000000000000
1705684175      00005d0000000000
1705684175      0000000000000000
1705684175      00005b0000000000
1705684175      0000000000000000
1705684178      0000550000000000
1705684178      0000000000000000
1705684178      0000610000000000
1705684179      0000000000000000
1705684179      00005e0000000000
1705684179      0000000000000000
1705684179      00005b0000000000
1705684179      0000000000000000
1705684180      00005a0000000000
1705684180      0000000000000000
1705684180      0000590000000000
1705684180      0000000000000000
1705684180      00005c0000000000
1705684180      0000000000000000
1705684180      00005f0000000000
1705684181      0000000000000000
1705684181      0000600000000000
1705684181      0000000000000000
1705684184      0000540000000000
1705684184      0000000000000000
1705684185      0000610000000000
1705684185      0000000000000000
1705684185      00005e0000000000
1705684185      0000000000000000
1705684185      00005a0000000000
1705684185      0000000000000000
1705684190      0000280000000000
1705684190      0000000000000000
1705684190      0000280000000000
1705684191      0000000000000000
1705684191      0100000000000000
1705684191      0100060000000000
